84 92 
8 1 1 1 1 1 1 1 1 
12 1 1 1 1 1 1 1 1 1 1 1 1 
2 1 0 832511026464082596 8 SCA
2 1 1 521076066631112155 9 SCA
2 1 2 124997039615499888 10 SCA
2 1 3 1409354060404036245 11 SCA
2 1 4 2215832149726139899 12 SCA
2 1 5 379917587789776980 13 SCA
2 1 6 1967518021996105669 14 SCA
2 1 7 640577952310384320 15 SCA
2 1 8 9 16 XOR
2 1 16 10 17 XOR
2 1 17 11 18 XOR
2 1 18 12 19 XOR
2 1 19 13 20 XOR
2 1 20 14 21 XOR
2 1 21 15 81 XOR
2 1 0 571101339629432666 22 SCA
2 1 1 692923246736578347 23 SCA
2 1 2 2029355405875251941 24 SCA
2 1 3 2118436783369364257 25 SCA
2 1 4 1037676019660403376 26 SCA
2 1 5 514069713682216705 27 SCA
2 1 6 835634067704010058 28 SCA
2 1 7 1172674657768785313 29 SCA
2 1 22 23 30 XOR
2 1 30 24 31 XOR
2 1 31 25 32 XOR
2 1 32 26 33 XOR
2 1 33 27 34 XOR
2 1 34 28 35 XOR
2 1 35 29 82 XOR
2 1 0 62624942807290974 36 SCA
2 1 1 298687229032791664 37 SCA
2 1 2 842799971007478894 38 SCA
2 1 3 2135238781761643530 39 SCA
2 1 4 479315814707065310 40 SCA
2 1 5 686837656397118205 41 SCA
2 1 6 1756838754015964387 42 SCA
2 1 7 2228890435102858016 43 SCA
2 1 36 37 44 XOR
2 1 44 38 45 XOR
2 1 45 39 46 XOR
2 1 46 40 47 XOR
2 1 47 41 48 XOR
2 1 48 42 49 XOR
2 1 49 43 83 XOR
2 1 0 2034146845255401034 50 SCA
2 1 1 1802252233226302595 51 SCA
2 1 2 868059389102959579 52 SCA
2 1 3 1042082794657183207 53 SCA
2 1 4 1086731888034772724 54 SCA
2 1 5 1602671430053934612 55 SCA
2 1 6 201150838134366509 56 SCA
2 1 7 152342893631034877 57 SCA
2 1 50 51 58 XOR
2 1 58 52 59 XOR
2 1 59 53 60 XOR
2 1 60 54 61 XOR
2 1 61 55 62 XOR
2 1 62 56 63 XOR
2 1 63 57 84 XOR
2 1 0 0 64 AND
2 1 0 -1 65 SCA
2 1 64 65 85 XOR
2 1 1 1 66 AND
2 1 1 -1 67 SCA
2 1 66 67 86 XOR
2 1 2 2 68 AND
2 1 2 -1 69 SCA
2 1 68 69 87 XOR
2 1 3 3 70 AND
2 1 3 -1 71 SCA
2 1 70 71 88 XOR
2 1 4 4 72 AND
2 1 4 -1 73 SCA
2 1 72 73 89 XOR
2 1 5 5 74 AND
2 1 5 -1 75 SCA
2 1 74 75 90 XOR
2 1 6 6 76 AND
2 1 6 -1 77 SCA
2 1 76 77 91 XOR
2 1 7 7 78 AND
2 1 7 -1 79 SCA
2 1 78 79 92 XOR
