26 30 
4 1 1 1 1 
6 1 1 1 1 1 1 
2 1 0 1910432644018746786 4 SCA
2 1 1 809512485579842287 5 SCA
2 1 2 459119867472508541 6 SCA
2 1 3 2040268855608912419 7 SCA
2 1 4 5 8 XOR
2 1 8 6 9 XOR
2 1 9 7 25 XOR
2 1 0 558026489244937133 10 SCA
2 1 1 1268787216255474371 11 SCA
2 1 2 2505220936018640 12 SCA
2 1 3 1267496826825517792 13 SCA
2 1 10 11 14 XOR
2 1 14 12 15 XOR
2 1 15 13 26 XOR
2 1 0 0 16 AND
2 1 0 -1 17 SCA
2 1 16 17 27 XOR
2 1 1 1 18 AND
2 1 1 -1 19 SCA
2 1 18 19 28 XOR
2 1 2 2 20 AND
2 1 2 -1 21 SCA
2 1 20 21 29 XOR
2 1 3 3 22 AND
2 1 3 -1 23 SCA
2 1 22 23 30 XOR
